{
  "samples": [
    {
      "x": 0.6788489818572998,
      "y": 4.341129302978516,
      "heading": -1.054987179247513,
      "angularVelocity": -2.8962000449803697e-22,
      "velocityX": -9.412161823870764e-20,
      "velocityY": 1.5537636587038538e-20,
      "timestamp": 0
    },
    {
      "x": 0.7335272431373596,
      "y": 4.332016468048096,
      "heading": -1.034500500309551,
      "angularVelocity": 0.24322021522057946,
      "velocityX": 0.6491466243355031,
      "velocityY": -0.10818862733965097,
      "timestamp": 0.0842309876232215
    },
    {
      "x": 0.7335272431373596,
      "y": 4.332016468048096,
      "heading": -1.034500500309551,
      "angularVelocity": -1.4532371528050965e-21,
      "velocityX": -2.9615907100932054e-19,
      "velocityY": 4.891447410890373e-20,
      "timestamp": 0.168461975246443
    }
  ],
  "eventMarkers": []
}